	removeWorldModel(3335,0.25,695.5234,-805.0703,37.1250)
	removeWorldModel(3335,0.25,614.0156,-715.9063,11.6406)
	removeWorldModel(13241,0.25,681.4766,-459.0000,15.5313)
	removeWorldModel(13242,0.25,701.7109,-565.1328,15.3359)
	removeWorldModel(13243,0.25,705.0391,-503.4688,15.3359)
	removeWorldModel(13244,0.25,642.2031,-508.0781,19.0859)
	removeWorldModel(13245,0.25,666.7109,-565.1328,17.3359)
	removeWorldModel(13246,0.25,696.9063,-626.9844,19.8359)
	removeWorldModel(13247,0.25,665.2578,-638.1250,19.8359)
	removeWorldModel(13248,0.25,811.7109,-551.1328,15.3359)
	removeWorldModel(13249,0.25,857.2109,-609.9688,17.4141)
	removeWorldModel(13250,0.25,622.9453,-577.0625,21.8125)
	removeWorldModel(13389,0.25,720.0156,-454.6250,15.3281)
	removeWorldModel(3326,0.25,769.2031,-501.3984,18.6719)
	removeWorldModel(3329,0.25,740.1563,-500.9688,16.3281)
	removeWorldModel(3329,0.25,815.1563,-500.9688,16.3281)
	removeWorldModel(3327,0.25,769.2188,-558.8672,18.6719)
	removeWorldModel(3326,0.25,744.2188,-558.8672,18.6719)
	removeWorldModel(13484,0.25,738.3984,-553.9844,21.9609)
	removeWorldModel(3328,0.25,798.2422,-500.9688,16.3281)
	removeWorldModel(3328,0.25,750.8672,-594.1797,16.3281)
	removeWorldModel(705,0.25,621.7031,-670.2578,13.9297)
	removeWorldModel(3335,0.25,637.3750,-665.6016,16.5234)
	removeWorldModel(3335,0.25,654.8047,-703.3594,13.7891)
	removeWorldModel(3335,0.25,669.4844,-675.0391,15.2656)
	removeWorldModel(3335,0.25,669.5938,-703.4688,15.0313)
	removeWorldModel(1308,0.25,672.0859,-651.2656,15.6484)
	removeWorldModel(1294,0.25,673.5781,-642.4688,19.8516)
	removeWorldModel(1687,0.25,662.3984,-645.5703,24.1094)
	removeWorldModel(1345,0.25,657.8516,-650.0703,16.0625)
	removeWorldModel(782,0.25,654.8125,-649.9453,15.4297)
	removeWorldModel(705,0.25,701.0781,-707.0859,15.6172)
	removeWorldModel(3335,0.25,693.1094,-676.8984,15.2734)
	removeWorldModel(709,0.25,743.1328,-666.1875,14.6797)
	removeWorldModel(705,0.25,713.2188,-641.4922,14.3359)
	removeWorldModel(709,0.25,626.6797,-629.7578,15.4766)
	removeWorldModel(1691,0.25,661.4375,-637.3828,24.6953)
	removeWorldModel(1440,0.25,661.0781,-624.0078,15.8125)
	removeWorldModel(782,0.25,655.9375,-628.0781,15.2813)
	removeWorldModel(782,0.25,643.1484,-614.5625,15.2813)
	removeWorldModel(12963,0.25,696.9063,-626.9844,19.8359)
	removeWorldModel(12982,0.25,665.2578,-638.1250,19.8359)
	removeWorldModel(1294,0.25,673.0938,-624.3828,19.8516)
	removeWorldModel(1294,0.25,689.8281,-626.8672,19.8516)
	removeWorldModel(1687,0.25,669.8359,-628.1797,24.1094)
	removeWorldModel(1688,0.25,695.3750,-620.0781,24.3359)
	removeWorldModel(1345,0.25,665.2266,-624.3750,16.0625)
	removeWorldModel(1345,0.25,668.2109,-624.4453,16.0625)
	removeWorldModel(1308,0.25,691.7031,-609.9141,15.6797)
	removeWorldModel(1308,0.25,671.6250,-590.3047,15.5547)
	removeWorldModel(1294,0.25,690.4688,-591.0156,19.8516)
	removeWorldModel(1690,0.25,697.0703,-611.7813,23.9844)
	removeWorldModel(1346,0.25,672.4297,-589.0938,16.6797)
	removeWorldModel(1351,0.25,692.2891,-594.4297,15.1797)
	removeWorldModel(1351,0.25,670.8984,-605.9375,15.1797)
	removeWorldModel(1294,0.25,712.8750,-591.2422,19.8203)
	removeWorldModel(1688,0.25,701.3438,-637.1094,24.3359)
	removeWorldModel(1440,0.25,704.5000,-616.6172,15.8281)
	removeWorldModel(780,0.25,707.9922,-611.1797,15.1875)
	removeWorldModel(705,0.25,752.4766,-633.8203,13.9297)
	removeWorldModel(3315,0.25,750.8672,-594.1797,16.3281)
	removeWorldModel(1410,0.25,731.8594,-595.0547,16.0391)
	removeWorldModel(1410,0.25,731.8594,-599.7266,16.0000)
	removeWorldModel(782,0.25,735.5313,-599.0156,15.4531)
	removeWorldModel(12855,0.25,622.9453,-577.0625,21.8125)
	removeWorldModel(1687,0.25,625.0156,-579.7188,25.9297)
	removeWorldModel(1522,0.25,626.5313,-571.0078,16.8984)
	removeWorldModel(12854,0.25,666.4922,-571.1797,17.3125)
	removeWorldModel(1510,0.25,664.2031,-567.6953,16.2266)
	removeWorldModel(1512,0.25,664.2109,-567.4141,16.4141)
	removeWorldModel(2362,0.25,662.9219,-567.0547,16.2031)
	removeWorldModel(1514,0.25,665.2891,-567.2813,16.4297)
	removeWorldModel(1294,0.25,632.5781,-583.5938,19.8203)
	removeWorldModel(1686,0.25,655.6641,-571.2109,15.3594)
	removeWorldModel(1686,0.25,655.6641,-569.6016,15.3594)
	removeWorldModel(1691,0.25,665.7500,-566.3047,20.0313)
	removeWorldModel(781,0.25,630.7266,-578.7734,15.1328)
	removeWorldModel(1308,0.25,731.3359,-577.7891,15.5703)
	removeWorldModel(1688,0.25,705.3438,-576.1406,21.3281)
	removeWorldModel(1690,0.25,694.6406,-571.4922,21.0078)
	removeWorldModel(780,0.25,734.8906,-572.2109,16.0156)
	removeWorldModel(3407,0.25,731.8047,-578.8203,15.3047)
	removeWorldModel(12853,0.25,666.7109,-565.1328,17.3359)
	removeWorldModel(1686,0.25,655.6641,-558.9297,15.3594)
	removeWorldModel(1686,0.25,655.6641,-560.5469,15.3594)
	removeWorldModel(1687,0.25,611.0000,-562.9531,25.9297)
	removeWorldModel(780,0.25,628.1953,-557.3438,15.3359)
	removeWorldModel(781,0.25,630.2188,-564.2500,15.1328)
	removeWorldModel(12863,0.25,701.7109,-565.1328,15.3359)
	removeWorldModel(3317,0.25,744.2188,-558.8672,18.6719)
	removeWorldModel(1294,0.25,673.5703,-565.0781,19.8203)
	removeWorldModel(1294,0.25,730.0547,-565.0234,19.8516)
	removeWorldModel(1687,0.25,670.1016,-558.4063,20.4297)
	removeWorldModel(1691,0.25,622.4922,-552.9141,20.5234)
	removeWorldModel(956,0.25,662.4297,-552.1641,15.7109)
	removeWorldModel(1438,0.25,670.1094,-550.6563,15.2734)
	removeWorldModel(1294,0.25,632.8438,-545.6016,19.8203)
	removeWorldModel(1690,0.25,702.5313,-546.6094,21.0078)
	removeWorldModel(781,0.25,734.0000,-543.8984,15.4766)
	removeWorldModel(781,0.25,629.5781,-547.2188,15.1328)
	removeWorldModel(1308,0.25,671.7813,-539.9141,15.6641)
	removeWorldModel(1308,0.25,624.3359,-539.7188,15.4922)
	removeWorldModel(1294,0.25,662.1484,-538.5469,19.8516)
	removeWorldModel(780,0.25,604.0156,-542.3438,15.0703)
	removeWorldModel(1351,0.25,647.6641,-540.8359,15.1797)
	removeWorldModel(1438,0.25,663.3750,-541.6250,15.2891)
	removeWorldModel(1294,0.25,614.9063,-521.7891,19.8516)
	removeWorldModel(1294,0.25,641.8047,-522.1328,19.8516)
	removeWorldModel(13137,0.25,646.1641,-527.8984,28.0703)
	removeWorldModel(773,0.25,592.0391,-526.7813,15.1484)
	removeWorldModel(1308,0.25,652.0078,-520.3203,15.6641)
	removeWorldModel(1503,0.25,638.8359,-517.4766,15.5469)
	removeWorldModel(1688,0.25,649.5547,-516.7422,21.1797)
	removeWorldModel(1689,0.25,660.4453,-515.4063,23.0000)
	removeWorldModel(1691,0.25,643.6484,-515.9609,20.5859)
	removeWorldModel(12862,0.25,642.2031,-508.0781,19.0859)
	removeWorldModel(1687,0.25,614.5234,-511.6172,20.1250)
	removeWorldModel(1688,0.25,667.4375,-506.7891,22.8359)
	removeWorldModel(1691,0.25,629.0391,-509.4766,19.7031)
	removeWorldModel(1440,0.25,642.7188,-511.0547,15.8203)
	removeWorldModel(773,0.25,590.9063,-508.7734,13.9688)
	removeWorldModel(1308,0.25,711.8359,-539.4609,15.6484)
	removeWorldModel(1294,0.25,690.7109,-538.4219,19.8516)
	removeWorldModel(1351,0.25,687.2422,-540.7578,15.1797)
	removeWorldModel(1351,0.25,710.8672,-535.9375,15.1797)
	removeWorldModel(1294,0.25,673.5781,-517.8516,19.8516)
	removeWorldModel(1294,0.25,712.8359,-521.3359,19.7031)
	removeWorldModel(1688,0.25,706.2422,-507.7734,21.2891)
	removeWorldModel(1690,0.25,706.1328,-510.2891,20.9766)
	removeWorldModel(1308,0.25,711.8750,-516.2656,15.6172)
	removeWorldModel(1351,0.25,676.0703,-519.3125,15.1797)
	removeWorldModel(1308,0.25,731.7891,-520.2578,15.5078)
	removeWorldModel(1294,0.25,730.5859,-538.9531,19.8516)
	removeWorldModel(1446,0.25,734.4141,-520.0234,16.0703)
	removeWorldModel(1446,0.25,739.1172,-520.0234,16.0703)
	removeWorldModel(1410,0.25,739.3750,-540.3438,16.0391)
	removeWorldModel(1410,0.25,734.7109,-540.3438,16.0000)
	removeWorldModel(773,0.25,733.6328,-513.1797,15.3203)
	removeWorldModel(1351,0.25,732.2578,-524.4297,15.1797)
	removeWorldModel(1446,0.25,741.6328,-517.7656,16.3438)
	removeWorldModel(1446,0.25,741.6328,-513.0703,16.8359)
	removeWorldModel(781,0.25,748.1797,-519.1641,15.1797)
	removeWorldModel(780,0.25,754.6875,-542.7344,15.3359)
	removeWorldModel(3408,0.25,746.6484,-519.9688,15.3281)
	removeWorldModel(3407,0.25,746.6875,-540.2422,15.3047)
	removeWorldModel(1308,0.25,611.4766,-504.6875,15.6484)
	removeWorldModel(1690,0.25,614.4688,-499.9141,20.7734)
	removeWorldModel(1345,0.25,652.7422,-496.5156,16.0469)
	removeWorldModel(1345,0.25,652.8125,-499.3203,16.0469)
	removeWorldModel(1438,0.25,660.5391,-496.8828,15.3047)
	removeWorldModel(1308,0.25,652.0781,-494.8828,15.6484)
	removeWorldModel(1294,0.25,610.1016,-494.4219,19.8516)
	removeWorldModel(773,0.25,591.9297,-488.1328,15.1484)
	removeWorldModel(1308,0.25,691.6484,-500.2109,15.6875)
	removeWorldModel(1294,0.25,670.9766,-493.4453,19.8516)
	removeWorldModel(1294,0.25,700.6172,-493.5469,19.8516)
	removeWorldModel(1498,0.25,671.6641,-497.6406,15.3281)
	removeWorldModel(1687,0.25,696.0703,-502.2813,20.1328)
	removeWorldModel(781,0.25,692.6953,-498.2344,15.5313)
	removeWorldModel(781,0.25,697.8125,-498.3594,15.5313)
	removeWorldModel(1351,0.25,687.5625,-495.8125,15.1797)
	removeWorldModel(3314,0.25,740.1563,-500.9688,16.3281)
	removeWorldModel(12979,0.25,705.0391,-503.4688,15.3359)
	removeWorldModel(1294,0.25,730.0703,-503.4297,19.8516)
	removeWorldModel(782,0.25,734.8281,-486.9141,16.0703)
	removeWorldModel(1368,0.25,675.5469,-471.5000,16.1953)
	removeWorldModel(1308,0.25,654.7266,-475.3047,15.5000)
	removeWorldModel(1495,0.25,680.8281,-472.9375,15.5234)
	removeWorldModel(781,0.25,656.8594,-474.2656,15.7109)
	removeWorldModel(1351,0.25,635.8281,-474.7109,15.1797)
	removeWorldModel(1368,0.25,687.2500,-471.5000,16.1953)
	removeWorldModel(1368,0.25,687.2500,-471.5000,16.1953)
	removeWorldModel(1308,0.25,711.6094,-475.2578,15.6484)
	removeWorldModel(1440,0.25,710.5625,-470.4844,15.8359)
	removeWorldModel(1438,0.25,725.6641,-473.3594,15.2578)
	removeWorldModel(1368,0.25,673.5859,-468.7578,16.1953)
	removeWorldModel(3172,0.25,713.3125,-468.0703,15.1328)
	removeWorldModel(781,0.25,652.5391,-469.0156,15.7109)
	removeWorldModel(1440,0.25,710.5938,-468.1797,15.8281)
	removeWorldModel(705,0.25,621.8125,-465.2656,14.8281)
	removeWorldModel(13028,0.25,720.0156,-462.5234,16.8594)
	removeWorldModel(1345,0.25,725.8750,-465.7422,15.9375)
	removeWorldModel(1689,0.25,677.5234,-464.4766,22.7500)
	removeWorldModel(709,0.25,618.7031,-435.0234,17.2656)
	removeWorldModel(12976,0.25,681.4766,-459.0000,15.5313)
	removeWorldModel(12977,0.25,679.1406,-455.7734,16.3359)
	removeWorldModel(1332,0.25,656.0000,-439.2734,16.2813)
	removeWorldModel(1335,0.25,659.2266,-439.3906,16.3750)
	removeWorldModel(1688,0.25,686.7578,-455.4141,20.6406)
	removeWorldModel(1691,0.25,686.1172,-452.2578,20.0391)
	removeWorldModel(1308,0.25,651.6484,-437.7578,15.5781)
	removeWorldModel(1345,0.25,693.2891,-456.0156,16.0078)
	removeWorldModel(12978,0.25,720.0156,-454.6250,15.3281)
	removeWorldModel(13027,0.25,720.0156,-454.6172,18.1563)
	removeWorldModel(694,0.25,731.6016,-433.0859,13.8672)
	removeWorldModel(705,0.25,658.0078,-429.7266,14.6328)
	removeWorldModel(709,0.25,706.1016,-427.0313,15.3516)
	removeWorldModel(3335,0.25,607.0000,-423.6094,18.2578)
	removeWorldModel(3335,0.25,509.5234,-407.2656,26.8672)
	removeWorldModel(1308,0.25,631.9922,-405.4766,15.5078)
	removeWorldModel(1308,0.25,569.2891,-405.5781,26.7578)
	removeWorldModel(705,0.25,775.3672,-646.9063,14.9453)
	removeWorldModel(782,0.25,780.8047,-643.4922,15.0391)
	removeWorldModel(782,0.25,807.2344,-643.7734,15.0391)
	removeWorldModel(782,0.25,835.6250,-643.5000,15.0391)
	removeWorldModel(1446,0.25,769.0391,-599.1953,18.1172)
	removeWorldModel(773,0.25,766.4688,-599.4453,15.5156)
	removeWorldModel(1438,0.25,808.5625,-612.9531,15.3203)
	removeWorldModel(1438,0.25,806.7500,-612.6016,15.3047)
	removeWorldModel(1308,0.25,801.1641,-585.1953,15.4766)
	removeWorldModel(1294,0.25,822.8203,-586.2656,19.7031)
	removeWorldModel(1294,0.25,784.6719,-592.0547,19.7656)
	removeWorldModel(1446,0.25,769.0391,-584.8594,18.0781)
	removeWorldModel(1446,0.25,769.0391,-594.4219,18.1172)
	removeWorldModel(1440,0.25,780.0859,-594.4219,15.8281)
	removeWorldModel(709,0.25,846.1328,-628.0078,16.3828)
	removeWorldModel(1688,0.25,852.2031,-609.8359,25.4141)
	removeWorldModel(1689,0.25,846.4766,-609.1484,25.5234)
	removeWorldModel(1691,0.25,854.8906,-600.3047,24.7891)
	removeWorldModel(780,0.25,838.0156,-606.3359,17.1094)
	removeWorldModel(1438,0.25,835.8672,-601.0313,15.3203)
	removeWorldModel(705,0.25,874.8125,-586.7969,16.9375)
	removeWorldModel(12981,0.25,857.2109,-609.9688,17.4141)
	removeWorldModel(1691,0.25,863.3672,-600.3047,24.7891)
	removeWorldModel(1688,0.25,866.0859,-602.9766,25.4141)
	removeWorldModel(780,0.25,876.3750,-599.0234,17.0703)
	removeWorldModel(1438,0.25,867.9453,-589.0547,16.9219)
	removeWorldModel(1688,0.25,807.8828,-577.9141,20.3203)
	removeWorldModel(1690,0.25,816.4609,-580.6016,19.0000)
	removeWorldModel(1446,0.25,769.0391,-580.0703,18.0625)
	removeWorldModel(780,0.25,779.9531,-574.3203,16.0781)
	removeWorldModel(1308,0.25,841.5078,-576.8359,15.5781)
	removeWorldModel(1294,0.25,848.6719,-574.9922,20.2734)
	removeWorldModel(3335,0.25,872.8047,-569.9531,17.3750)
	removeWorldModel(1308,0.25,873.3125,-572.1250,17.6016)
	removeWorldModel(781,0.25,866.8516,-573.1875,16.7656)
	removeWorldModel(781,0.25,859.2656,-573.8125,16.2500)
	removeWorldModel(781,0.25,848.8203,-574.6328,15.5703)
	removeWorldModel(3316,0.25,769.2188,-558.8672,18.6719)
	removeWorldModel(1446,0.25,756.6953,-561.1094,18.0938)
	removeWorldModel(1446,0.25,756.6953,-565.8906,18.1094)
	removeWorldModel(782,0.25,758.0000,-560.0156,16.0859)
	removeWorldModel(1440,0.25,820.2422,-566.0313,15.8359)
	removeWorldModel(12980,0.25,811.7109,-551.1328,15.3359)
	removeWorldModel(1690,0.25,814.7891,-555.6406,19.9688)
	removeWorldModel(3335,0.25,868.7344,-555.4141,17.4297)
	removeWorldModel(1446,0.25,756.6953,-551.7891,17.6875)
	removeWorldModel(1446,0.25,756.6953,-556.4453,17.9453)
	removeWorldModel(781,0.25,779.0234,-554.8828,15.9922)
	removeWorldModel(1446,0.25,756.6953,-542.4844,17.1719)
	removeWorldModel(1446,0.25,756.6953,-547.1406,17.4375)
	removeWorldModel(781,0.25,778.9141,-548.6172,14.9766)
	removeWorldModel(1308,0.25,781.9063,-539.9844,15.5938)
	removeWorldModel(1446,0.25,759.5469,-540.2969,16.0703)
	removeWorldModel(1446,0.25,778.9375,-540.2969,16.0703)
	removeWorldModel(781,0.25,778.7969,-542.2109,15.3359)
	removeWorldModel(3408,0.25,762.8516,-540.2891,15.2969)
	removeWorldModel(1294,0.25,806.4531,-521.7344,19.8125)
	removeWorldModel(1294,0.25,800.6953,-539.3047,19.8125)
	removeWorldModel(1691,0.25,806.0234,-544.4297,20.7266)
	removeWorldModel(1687,0.25,808.2188,-549.3125,20.1250)
	removeWorldModel(1351,0.25,797.8047,-540.8047,15.1797)
	removeWorldModel(1308,0.25,822.7422,-539.5469,15.6016)
	removeWorldModel(1294,0.25,824.2578,-542.5469,19.7031)
	removeWorldModel(1294,0.25,756.7031,-521.6484,19.8516)
	removeWorldModel(1446,0.25,803.8828,-520.0234,16.0703)
	removeWorldModel(1446,0.25,799.1797,-520.0234,16.0703)
	removeWorldModel(1410,0.25,778.8750,-519.9844,16.0000)
	removeWorldModel(1410,0.25,774.2109,-519.9844,16.0391)
	removeWorldModel(780,0.25,773.7969,-517.9688,15.0625)
	removeWorldModel(782,0.25,801.5547,-511.0703,15.6484)
	removeWorldModel(780,0.25,798.7656,-517.9531,15.3281)
	removeWorldModel(3407,0.25,759.5391,-520.0703,15.2969)
	removeWorldModel(3407,0.25,782.8125,-520.0703,15.2969)
	removeWorldModel(705,0.25,838.2969,-515.3750,14.6328)
	removeWorldModel(1308,0.25,806.8516,-520.2422,15.6484)
	removeWorldModel(1410,0.25,809.3672,-520.0234,16.0625)
	removeWorldModel(1410,0.25,814.0391,-520.0234,16.0234)
	removeWorldModel(1410,0.25,824.2188,-517.7813,16.1250)
	removeWorldModel(1410,0.25,824.2188,-513.1016,16.4063)
	removeWorldModel(773,0.25,814.5234,-517.5313,15.3203)
	removeWorldModel(3408,0.25,816.7969,-519.9688,15.3281)
	removeWorldModel(3317,0.25,769.2031,-501.3984,18.6719)
	removeWorldModel(3314,0.25,815.1563,-500.9688,16.3281)
	removeWorldModel(3353,0.25,798.2422,-500.9688,16.3281)
	removeWorldModel(1501,0.25,794.4375,-505.7500,17.0000)
	removeWorldModel(1410,0.25,824.2188,-508.4219,16.6484)
	removeWorldModel(1410,0.25,824.2188,-503.7422,16.8672)
	removeWorldModel(705,0.25,774.0469,-486.0703,14.6328)
	removeWorldModel(13188,0.25,786.0078,-492.8672,17.6328)
	removeWorldModel(780,0.25,813.6328,-488.0703,16.1719)
	removeWorldModel(705,0.25,763.1172,-449.6953,15.2031)
	removeWorldModel(1308,0.25,919.9219,-548.2813,27.6953)
	removeWorldModel(13452,0.25,915.1641,-525.5781,0.25,40.1797)
	removeWorldModel(1308,0.25,963.2031,-513.2578,0.25,42.2969)
	removeWorldModel(1308,0.25,984.6797,-471.5625,0.25,48.2266)
	removeWorldModel(1308,0.25,1010.6563,-453.8125,50.5703)
	removeWorldModel(14650,0.25,681.4766,-456.4141,-24.5625)
	removeWorldModel(14651,0.25,686.4141,-462.8516,-24.4922)
	removeWorldModel(14652,0.25,681.4297,-456.0469,-24.5625)
	removeWorldModel(14653,0.25,681.4453,-455.1719,-25.9453)
	removeWorldModel(14654,0.25,681.4531,-457.6172,-23.7969)
	removeWorldModel(14655,0.25,681.4453,-460.6328,-24.5625)
	removeWorldModel(14656,0.25,681.5000,-447.3750,-25.0234)
	removeWorldModel(14657,0.25,681.4297,-456.4141,-25.8281)